0.000125926 0.000125926
0.000125926 0.000125926
0.000125926 0.000125926
0.000125926 0.000125926
0.000125926 0.000125926
0.000125926 0.000125926
0.000125926 0.000125926
0.000125926 0.000125926
0.000125926 0.000125926
0.000125925 0.000125925
0.000125925 0.000125925
0.000125925 0.000125925
0.000125925 0.000125925
0.000125924 0.000125924
0.000125924 0.000125924
0.000125924 0.000125924
0.000125924 0.000125924
0.000125923 0.000125923
0.000125923 0.000125923
0.000125922 0.000125922
0.000125922 0.000125922
0.000125921 0.000125921
0.000125921 0.000125921
0.00012592 0.00012592
0.00012592 0.00012592
0.000125919 0.000125919
0.000125919 0.000125919
0.000125918 0.000125918
0.000125918 0.000125918
0.000125917 0.000125917
0.000125916 0.000125916
0.000125916 0.000125916
0.000125915 0.000125915
0.000125914 0.000125914
0.000125913 0.000125913
0.000125913 0.000125913
0.000125912 0.000125912
0.000125911 0.000125911
0.00012591 0.00012591
0.000125909 0.000125909
0.000125908 0.000125908
0.000125908 0.000125908
0.000125907 0.000125907
0.000125906 0.000125906
0.000125905 0.000125905
0.000125904 0.000125904
0.000125903 0.000125903
0.000125902 0.000125902
0.000125901 0.000125901
0.0001259 0.0001259
0.000125898 0.000125898
0.000125897 0.000125897
0.000125896 0.000125896
0.000125895 0.000125895
0.000125894 0.000125894
0.000125893 0.000125893
0.000125891 0.000125891
0.00012589 0.00012589
0.000125889 0.000125889
0.000125888 0.000125888
0.000125886 0.000125886
0.000125885 0.000125885
0.000125884 0.000125884
0.000125882 0.000125882
0.000125881 0.000125881
0.000125879 0.000125879
0.000125878 0.000125878
0.000125876 0.000125876
0.000125875 0.000125875
0.000125873 0.000125873
0.000125872 0.000125872
0.00012587 0.00012587
0.000125869 0.000125869
0.000125867 0.000125867
0.000125865 0.000125865
0.000125864 0.000125864
0.000125862 0.000125862
0.00012586 0.00012586
0.000125859 0.000125859
0.000125857 0.000125857
0.000125855 0.000125855
0.000125853 0.000125853
0.000125852 0.000125852
0.00012585 0.00012585
0.000125848 0.000125848
0.000125846 0.000125846
0.000125844 0.000125844
0.000125842 0.000125842
0.00012584 0.00012584
0.000125838 0.000125838
0.000125836 0.000125836
0.000125834 0.000125834
0.000125832 0.000125832
0.00012583 0.00012583
0.000125828 0.000125828
0.000125826 0.000125826
0.000125824 0.000125824
0.000125822 0.000125822
0.00012582 0.00012582
0.000125818 0.000125818
0.000125816 0.000125816
