4.78787e-13 1.30667e-08 4.78787e-13 1.30667e-08 1.84791e-08
-1.76306e-12 1.30667e-08 -1.76306e-12 1.30667e-08 1.84791e-08
-4.16693e-12 1.30667e-08 -4.16693e-12 1.30667e-08 1.84791e-08
-6.8118e-12 1.30667e-08 -6.8118e-12 1.30667e-08 1.84791e-08
-9.72347e-12 1.30667e-08 -9.72347e-12 1.30667e-08 1.8479e-08
-1.12877e-11 1.30666e-08 -1.12877e-11 1.30666e-08 1.8479e-08
-1.29261e-11 1.30666e-08 -1.29261e-11 1.30666e-08 1.84789e-08
-1.64459e-11 1.30665e-08 -1.64459e-11 1.30665e-08 1.84789e-08
-1.83354e-11 1.30665e-08 -1.83354e-11 1.30665e-08 1.84788e-08
-2.03141e-11 1.30664e-08 -2.03141e-11 1.30664e-08 1.84787e-08
-2.23913e-11 1.30663e-08 -2.23913e-11 1.30663e-08 1.84786e-08
-2.45667e-11 1.30663e-08 -2.45667e-11 1.30663e-08 1.84785e-08
-2.68505e-11 1.30662e-08 -2.68505e-11 1.30662e-08 1.84784e-08
-2.92425e-11 1.30661e-08 -2.92425e-11 1.30661e-08 1.84783e-08
-3.17534e-11 1.3066e-08 -3.17534e-11 1.3066e-08 1.84781e-08
-3.43832e-11 1.30659e-08 -3.43832e-11 1.30659e-08 1.8478e-08
-3.71437e-11 1.30658e-08 -3.71437e-11 1.30658e-08 1.84778e-08
-3.71437e-11 1.30656e-08 -3.71437e-11 1.30656e-08 1.84777e-08
-4.00351e-11 1.30655e-08 -4.00351e-11 1.30655e-08 1.84775e-08
-4.30701e-11 1.30654e-08 -4.30701e-11 1.30654e-08 1.84773e-08
-4.62491e-11 1.30652e-08 -4.62491e-11 1.30652e-08 1.84771e-08
-4.62491e-11 1.30651e-08 -4.62491e-11 1.30651e-08 1.84769e-08
-4.9586e-11 1.30649e-08 -4.9586e-11 1.30649e-08 1.84767e-08
-5.30808e-11 1.30647e-08 -5.30808e-11 1.30647e-08 1.84765e-08
-5.30808e-11 1.30646e-08 -5.30808e-11 1.30646e-08 1.84762e-08
-5.67489e-11 1.30644e-08 -5.67489e-11 1.30644e-08 1.8476e-08
-5.67489e-11 1.30642e-08 -5.67489e-11 1.30642e-08 1.84757e-08
-6.05899e-11 1.3064e-08 -6.05899e-11 1.3064e-08 1.84755e-08
-6.46207e-11 1.30638e-08 -6.46207e-11 1.30638e-08 1.84752e-08
-6.46207e-11 1.30636e-08 -6.46207e-11 1.30636e-08 1.84749e-08
-6.8841e-11 1.30633e-08 -6.8841e-11 1.30633e-08 1.84746e-08
-6.8841e-11 1.30631e-08 -6.8841e-11 1.30631e-08 1.84743e-08
-7.3269e-11 1.30629e-08 -7.3269e-11 1.30629e-08 1.8474e-08
-7.3269e-11 1.30626e-08 -7.3269e-11 1.30626e-08 1.84736e-08
-7.79044e-11 1.30624e-08 -7.79044e-11 1.30624e-08 1.84733e-08
-7.79044e-11 1.30621e-08 -7.79044e-11 1.30621e-08 1.84729e-08
-8.27671e-11 1.30619e-08 -8.27671e-11 1.30619e-08 1.84726e-08
-8.27671e-11 1.30616e-08 -8.27671e-11 1.30616e-08 1.84722e-08
-8.27671e-11 1.30613e-08 -8.27671e-11 1.30613e-08 1.84718e-08
-8.78568e-11 1.3061e-08 -8.78568e-11 1.3061e-08 1.84715e-08
-8.78568e-11 1.30607e-08 -8.78568e-11 1.30607e-08 1.8471e-08
-9.31949e-11 1.30604e-08 -9.31949e-11 1.30604e-08 1.84707e-08
-9.31949e-11 1.30601e-08 -9.31949e-11 1.30601e-08 1.84702e-08
-9.31949e-11 1.30598e-08 -9.31949e-11 1.30598e-08 1.84698e-08
-9.87808e-11 1.30594e-08 -9.87808e-11 1.30594e-08 1.84694e-08
-9.87808e-11 1.30591e-08 -9.87808e-11 1.30591e-08 1.84689e-08
-1.04638e-10 1.30588e-08 -1.04638e-10 1.30588e-08 1.84685e-08
-1.04638e-10 1.30584e-08 -1.04638e-10 1.30584e-08 1.8468e-08
-1.04638e-10 1.30581e-08 -1.04638e-10 1.30581e-08 1.84675e-08
-1.10765e-10 1.30577e-08 -1.10765e-10 1.30577e-08 1.8467e-08
-1.10765e-10 1.30573e-08 -1.10765e-10 1.30573e-08 1.84665e-08
-1.10765e-10 1.3057e-08 -1.10765e-10 1.3057e-08 1.8466e-08
-1.17187e-10 1.30566e-08 -1.17187e-10 1.30566e-08 1.84655e-08
-1.17187e-10 1.30562e-08 -1.17187e-10 1.30562e-08 1.8465e-08
-1.17187e-10 1.30558e-08 -1.17187e-10 1.30558e-08 1.84644e-08
-1.23903e-10 1.30554e-08 -1.23903e-10 1.30554e-08 1.84639e-08
-1.23903e-10 1.30549e-08 -1.23903e-10 1.30549e-08 1.84633e-08
-1.23903e-10 1.30545e-08 -1.23903e-10 1.30545e-08 1.84627e-08
-1.30939e-10 1.30541e-08 -1.30939e-10 1.30541e-08 1.84622e-08
-1.30939e-10 1.30536e-08 -1.30939e-10 1.30536e-08 1.84616e-08
-1.30939e-10 1.30532e-08 -1.30939e-10 1.30532e-08 1.8461e-08
-1.38294e-10 1.30528e-08 -1.38294e-10 1.30528e-08 1.84604e-08
-1.38294e-10 1.30523e-08 -1.38294e-10 1.30523e-08 1.84598e-08
-1.38294e-10 1.30518e-08 -1.38294e-10 1.30518e-08 1.84591e-08
-1.38294e-10 1.30514e-08 -1.38294e-10 1.30514e-08 1.84584e-08
-1.45996e-10 1.30509e-08 -1.45996e-10 1.30509e-08 1.84579e-08
-1.45996e-10 1.30504e-08 -1.45996e-10 1.30504e-08 1.84572e-08
-1.45996e-10 1.30499e-08 -1.45996e-10 1.30499e-08 1.84565e-08
-1.54042e-10 1.30494e-08 -1.54042e-10 1.30494e-08 1.84559e-08
-1.54042e-10 1.30489e-08 -1.54042e-10 1.30489e-08 1.84552e-08
-1.54042e-10 1.30483e-08 -1.54042e-10 1.30483e-08 1.84544e-08
-1.54042e-10 1.30478e-08 -1.54042e-10 1.30478e-08 1.84537e-08
-1.62463e-10 1.30473e-08 -1.62463e-10 1.30473e-08 1.84531e-08
-1.62463e-10 1.30467e-08 -1.62463e-10 1.30467e-08 1.84523e-08
-1.62463e-10 1.30462e-08 -1.62463e-10 1.30462e-08 1.84515e-08
-1.62463e-10 1.30457e-08 -1.62463e-10 1.30457e-08 1.84508e-08
-1.71253e-10 1.30451e-08 -1.71253e-10 1.30451e-08 1.84501e-08
-1.71253e-10 1.30445e-08 -1.71253e-10 1.30445e-08 1.84493e-08
-1.71253e-10 1.30439e-08 -1.71253e-10 1.30439e-08 1.84485e-08
-1.71253e-10 1.30434e-08 -1.71253e-10 1.30434e-08 1.84477e-08
-1.80446e-10 1.30428e-08 -1.80446e-10 1.30428e-08 1.8447e-08
-1.80446e-10 1.30422e-08 -1.80446e-10 1.30422e-08 1.84462e-08
-1.80446e-10 1.30416e-08 -1.80446e-10 1.30416e-08 1.84453e-08
-1.80446e-10 1.30409e-08 -1.80446e-10 1.30409e-08 1.84445e-08
-1.80446e-10 1.30403e-08 -1.80446e-10 1.30403e-08 1.84436e-08
-1.90035e-10 1.30397e-08 -1.90035e-10 1.30397e-08 1.84429e-08
-1.90035e-10 1.30391e-08 -1.90035e-10 1.30391e-08 1.8442e-08
-1.90035e-10 1.30384e-08 -1.90035e-10 1.30384e-08 1.84411e-08
-1.90035e-10 1.30378e-08 -1.90035e-10 1.30378e-08 1.84402e-08
-2.00054e-10 1.30371e-08 -2.00054e-10 1.30371e-08 1.84395e-08
-2.00054e-10 1.30365e-08 -2.00054e-10 1.30365e-08 1.84385e-08
-2.00054e-10 1.30358e-08 -2.00054e-10 1.30358e-08 1.84376e-08
-2.00054e-10 1.30351e-08 -2.00054e-10 1.30351e-08 1.84366e-08
-2.00054e-10 1.30344e-08 -2.00054e-10 1.30344e-08 1.84356e-08
-2.10494e-10 1.30337e-08 -2.10494e-10 1.30337e-08 1.84349e-08
-2.10494e-10 1.3033e-08 -2.10494e-10 1.3033e-08 1.84339e-08
-2.10494e-10 1.30323e-08 -2.10494e-10 1.30323e-08 1.84329e-08
-2.10494e-10 1.30316e-08 -2.10494e-10 1.30316e-08 1.84319e-08
-2.10494e-10 1.30309e-08 -2.10494e-10 1.30309e-08 1.84309e-08
-2.2139e-10 1.30302e-08 -2.2139e-10 1.30302e-08 1.84301e-08
-2.2139e-10 1.30294e-08 -2.2139e-10 1.30294e-08 1.84291e-08
