1.25926 -1.25926 1.78087
1.25926 -1.25926 1.78087
1.25926 -1.25926 1.78087
1.25926 -1.25926 1.78087
1.25926 -1.25926 1.78087
1.25926 -1.25926 1.78086
1.25926 -1.25926 1.78086
1.25926 -1.25926 1.78086
1.25926 -1.25926 1.78086
1.25925 -1.25925 1.78086
1.25925 -1.25925 1.78085
1.25925 -1.25925 1.78085
1.25925 -1.25925 1.78085
1.25924 -1.25924 1.78084
1.25924 -1.25924 1.78084
1.25924 -1.25924 1.78083
1.25924 -1.25924 1.78083
1.25923 -1.25923 1.78082
1.25923 -1.25923 1.78082
1.25922 -1.25922 1.78081
1.25922 -1.25922 1.7808
1.25921 -1.25921 1.7808
1.25921 -1.25921 1.78079
1.2592 -1.2592 1.78078
1.2592 -1.2592 1.78078
1.25919 -1.25919 1.78077
1.25919 -1.25919 1.78076
1.25918 -1.25918 1.78075
1.25918 -1.25918 1.78074
1.25917 -1.25917 1.78073
1.25916 -1.25916 1.78073
1.25916 -1.25916 1.78072
1.25915 -1.25915 1.78071
1.25914 -1.25914 1.7807
1.25913 -1.25913 1.78069
1.25913 -1.25913 1.78067
1.25912 -1.25912 1.78066
1.25911 -1.25911 1.78065
1.2591 -1.2591 1.78064
1.25909 -1.25909 1.78063
1.25908 -1.25908 1.78061
1.25908 -1.25908 1.7806
1.25907 -1.25907 1.78059
1.25906 -1.25906 1.78058
1.25905 -1.25905 1.78056
1.25904 -1.25904 1.78055
1.25903 -1.25903 1.78053
1.25902 -1.25902 1.78052
1.25901 -1.25901 1.7805
1.259 -1.259 1.78049
1.25898 -1.25898 1.78047
1.25897 -1.25897 1.78046
1.25896 -1.25896 1.78044
1.25895 -1.25895 1.78042
1.25894 -1.25894 1.78041
1.25893 -1.25893 1.78039
1.25891 -1.25891 1.78037
1.2589 -1.2589 1.78036
1.25889 -1.25889 1.78034
1.25888 -1.25888 1.78032
1.25886 -1.25886 1.7803
1.25885 -1.25885 1.78028
1.25884 -1.25884 1.78026
1.25882 -1.25882 1.78024
1.25881 -1.25881 1.78022
1.25879 -1.25879 1.7802
1.25878 -1.25878 1.78018
1.25876 -1.25876 1.78016
1.25875 -1.25875 1.78014
1.25873 -1.25873 1.78012
1.25872 -1.25872 1.7801
1.2587 -1.2587 1.78007
1.25869 -1.25869 1.78005
1.25867 -1.25867 1.78003
1.25865 -1.25865 1.78001
1.25864 -1.25864 1.77998
1.25862 -1.25862 1.77996
1.2586 -1.2586 1.77994
1.25859 -1.25859 1.77991
1.25857 -1.25857 1.77989
1.25855 -1.25855 1.77986
1.25853 -1.25853 1.77984
1.25852 -1.25852 1.77981
1.2585 -1.2585 1.77979
1.25848 -1.25848 1.77976
1.25846 -1.25846 1.77973
1.25844 -1.25844 1.77971
1.25842 -1.25842 1.77968
1.2584 -1.2584 1.77965
1.25838 -1.25838 1.77962
1.25836 -1.25836 1.7796
1.25834 -1.25834 1.77957
1.25832 -1.25832 1.77954
1.2583 -1.2583 1.77951
1.25828 -1.25828 1.77948
1.25826 -1.25826 1.77945
1.25824 -1.25824 1.77942
1.25822 -1.25822 1.77939
1.2582 -1.2582 1.77936
1.25818 -1.25818 1.77933
1.25816 -1.25816 1.7793
