-10000 10000
-10000 10000
10 10
1.1 1.1
0 0
0 0


1
-30000 0 0.1

0

1
-10000 0 0.05

0

2
-1000 0 0.05
-10000 -1000 0.08

0


3
-100 0 0.2
-1000 -100 0.05
-10000 -1000 0.1


5
30 40 -40 -30 100
80 100 -100 -80 1
90 100 -35 -20 1000
600 630  -50 -40 100
700 750 -150 -100  1


1
10 30 -30 -10 100


1
-10000 0 0.1

0







1
10 30 -30 -10 100



3
-700 0 0.2
-7000 -700 0.05
-70000 -7000 0.1

0

1
-10000 0 0.1

0


























-10000 10000
-10000 10000
200 200
1 1
0 0

1
-10000 0 0.1

0

3
-100 0 0.2
-1000 -100 0.05
-10000 -1000 0.1

0




-10000 10000
-10000 10000
1 1
1.1 1.1
0 0

3
-100 0 0.2
-1000 -100 0.05
-10000 -1000 0.1

5
30 40 -40 -30 100
80 100 -100 -80 1
90 100 -35 -20 1000
600 630  -50 -40 100
700 750 -150 -100  1





-10000 10000
-10000 10000
1 1
1.1 1.1
0 0

3
-100 0 0.2
-1000 -100 0.05
-10000 -1000 0.1

1
10 30 -30 -10 100

11.4359 31.7725 -31.7725 -11.4359 100





-10000 10000
-10000 10000
1 1
1.1 1.1
0 0

3
-100 0 0.2
-1000 -100 0.05
-10000 -1000 0.1

0















0 2
0 2
1 1
1 1
1 1
0 0


-10 10
-10 10
1
1
1.1
1.1
0
0

2
-2 0 0.2
-10 -2 0.1

2
1 5 -6 -2 100
5 9 -9 -7 2


-10000 10000
-10000 10000
10 10
1 
1.1
0 0

3
-100 0 0.2
-1000 -100 0.05
-10000 -1000 0.1

0
30 40 -40 -30 100
80 100 -100 -80 1
90 100 -35 -20 1000
600 630  -50 -40 100
700 750 -150 -100  1