121.101 1.16707e+06 8.56844e-07
121.101 1.16707e+06 8.56844e-07
121.101 1.16707e+06 8.56843e-07
121.101 1.16708e+06 8.56842e-07
121.101 1.16708e+06 8.5684e-07
121.101 1.16708e+06 8.56838e-07
121.102 1.16709e+06 8.56834e-07
121.102 1.16709e+06 8.5683e-07
121.102 1.1671e+06 8.56826e-07
121.103 1.16711e+06 8.5682e-07
121.103 1.16711e+06 8.56814e-07
121.104 1.16712e+06 8.56807e-07
121.104 1.16713e+06 8.568e-07
121.105 1.16714e+06 8.56792e-07
121.105 1.16716e+06 8.56784e-07
121.106 1.16717e+06 8.56775e-07
121.107 1.16718e+06 8.56766e-07
121.107 1.1672e+06 8.56754e-07
121.108 1.16721e+06 8.56744e-07
121.109 1.16723e+06 8.56732e-07
121.11 1.16724e+06 8.56721e-07
121.111 1.16726e+06 8.56707e-07
121.112 1.16728e+06 8.56693e-07
121.113 1.1673e+06 8.5668e-07
121.114 1.16732e+06 8.56664e-07
121.115 1.16734e+06 8.56649e-07
121.116 1.16736e+06 8.56632e-07
121.117 1.16738e+06 8.56616e-07
121.118 1.16741e+06 8.566e-07
121.12 1.16743e+06 8.5658e-07
121.121 1.16746e+06 8.56563e-07
121.122 1.16748e+06 8.56542e-07
121.124 1.16751e+06 8.56524e-07
121.125 1.16754e+06 8.56502e-07
121.127 1.16757e+06 8.56483e-07
121.128 1.1676e+06 8.56459e-07
121.13 1.16763e+06 8.56439e-07
121.131 1.16766e+06 8.56414e-07
121.133 1.16769e+06 8.56388e-07
121.135 1.16772e+06 8.56366e-07
121.137 1.16776e+06 8.56339e-07
121.138 1.16779e+06 8.56317e-07
121.14 1.16783e+06 8.56288e-07
121.142 1.16787e+06 8.5626e-07
121.144 1.1679e+06 8.56235e-07
121.146 1.16794e+06 8.56205e-07
121.148 1.16798e+06 8.5618e-07
121.15 1.16802e+06 8.56148e-07
121.152 1.16807e+06 8.56116e-07
121.154 1.1681e+06 8.56089e-07
121.157 1.16815e+06 8.56056e-07
121.159 1.16819e+06 8.56022e-07
121.161 1.16823e+06 8.55994e-07
121.164 1.16828e+06 8.55958e-07
121.166 1.16833e+06 8.55922e-07
121.168 1.16837e+06 8.55893e-07
121.171 1.16842e+06 8.55855e-07
121.174 1.16847e+06 8.55817e-07
121.176 1.16852e+06 8.55786e-07
121.179 1.16857e+06 8.55746e-07
121.181 1.16863e+06 8.55706e-07
121.184 1.16867e+06 8.55675e-07
121.187 1.16873e+06 8.55633e-07
121.19 1.16878e+06 8.55591e-07
121.193 1.16884e+06 8.55549e-07
121.195 1.16889e+06 8.55515e-07
121.198 1.16895e+06 8.5547e-07
121.201 1.16901e+06 8.55426e-07
121.204 1.16905e+06 8.55392e-07
121.207 1.16912e+06 8.55345e-07
121.21 1.16918e+06 8.55298e-07
121.214 1.16925e+06 8.55251e-07
121.216 1.1693e+06 8.55216e-07
121.22 1.16936e+06 8.55166e-07
121.223 1.16943e+06 8.55117e-07
121.227 1.1695e+06 8.55067e-07
121.229 1.16955e+06 8.55031e-07
121.233 1.16962e+06 8.54979e-07
121.237 1.16969e+06 8.54926e-07
121.24 1.16976e+06 8.54874e-07
121.243 1.16981e+06 8.54837e-07
121.247 1.16989e+06 8.54782e-07
121.251 1.16996e+06 8.54727e-07
121.255 1.17004e+06 8.54672e-07
121.259 1.17012e+06 8.54616e-07
121.262 1.17017e+06 8.54576e-07
121.266 1.17025e+06 8.54518e-07
121.27 1.17033e+06 8.5446e-07
121.274 1.17041e+06 8.54402e-07
121.277 1.17046e+06 8.54363e-07
121.281 1.17055e+06 8.54302e-07
121.285 1.17063e+06 8.54241e-07
121.29 1.17071e+06 8.5418e-07
121.294 1.1708e+06 8.54119e-07
121.297 1.17085e+06 8.54077e-07
121.302 1.17094e+06 8.54013e-07
121.306 1.17103e+06 8.53949e-07
121.311 1.17112e+06 8.53885e-07
121.315 1.17121e+06 8.53821e-07
121.318 1.17126e+06 8.53778e-07
121.323 1.17136e+06 8.53711e-07
